mass [GeV]               lifetime [cm]            optimal pt Cut           optimal Ias Cut          min. excluded xsection [pb]actual xsection [pb]     
100                      1                        30                       0.05                     61.5956                  17.3366                  
200                      1                        20                       0.05                     43.4144                  1.1558                   
300                      1                        n/a                      n/a                      n/a                      0.2093                   
400                      1                        n/a                      n/a                      n/a                      0.0551                   
500                      1                        n/a                      n/a                      n/a                      0.0176                   
100                      10                       30                       0.05                     1.5306                   17.3366                  
200                      10                       30                       0.30                     0.5606                   1.1558                   
300                      10                       30                       0.30                     0.3543                   0.2093                   
400                      10                       30                       0.30                     0.2383                   0.0551                   
500                      10                       50                       0.30                     0.2011                   0.0176                   
100                      50                       50                       0.30                     0.4354                   17.3366                  
200                      50                       50                       0.30                     0.1098                   1.1558                   
300                      50                       50                       0.30                     0.0630                   0.2093                   
400                      50                       50                       0.30                     0.0446                   0.0551                   
500                      50                       50                       0.30                     0.0372                   0.0176                   
